17
95
21
44
67
65
47
79
43
21
29
35
78
66
75
19
29
39
57
88
36
19
88
85
69
73
22
64
78
57
47
65
59
68
44
67
89
55
25
88
99
44
72
33
52
31
14
41
53
11
71
58
94
87
62
34
84
63
54
47
34
22
22
15
25
42
22
28
74
37
11
91
28
79
26
74
36
26
73
27
82
22
22
28
31
81
95
43
16
65
54
98
72
49
72
98
18
75
77
18
43
72
89
68
13
36
71
16
83
66
29
71
35
81
25
96
88
98
65
85
84
72
98
79
62
52
83
99
22
17
69
31
34
13
67
54
56
36
21
11
11
99
11
34
79
21
95
29
91
53
53
82
26
49
37
86
26
88
91
52
19
84
83
33
63
69
22
32
36
22
56
88
26
67
24
25
85
93
61
76
97
67
33
64
96
84
25
91
23
11
19
39
98
21
61
54
15
65
71
19
18
46
95
62
88
26
55
45
78
35
95
88
23
84
96
32
27
56
12
66
72
29
35
75
28
61
48
37
33
87
41
23
76
21
66
93
88
51
49
21
39
37
66
19
62
84
73
15
37
43
87
99
33
72
33
75
31
15
24
13
79
49
83
75
76
23
54
77
28
24
38
18
86
68
62
66
27
99
17
44
49
77
97
58
65
72
52
45
49
76
73
37
32
91
37
31
13
41
58
46
67
49
61
89
21
39
77
43
29
99
57
91
51
33
88
17
32
35
27
21
44
76
74
56
47
14
33
14
37
56
69
68
31
26
66
54
82
24
95
63
16
49
27
51
78
56
44
66
66
98
66
67
56
79
18
61
72
14
11
55
23
53
52
33
29
15
11
58
43
95
55
61
34
58
24
56
25
35
23
93
11
77
71
52
12
72
64
28
11
26
84
29
11
84
41
36
87
31
72
11
43
85
81
57
11
98
17
94
38
26
35
29
51
34
75
45
36
19
57
28
52
14
12
73
32
55
78
35
62
53
13
53
26
18
17
84
32
75
87
62
34
19
57
88
12
54
11
51
91
25
68
56
57
88
95
12
26
16
23
49
25
36
11
14
37
48
93
93
36
74
29
22
77
11
41
24
69
18
33
43
16
55
34
55
48
47
14
33
83
16
88
47
11
83
95
71
12
67
72
11
94
41
27
77
65
38
19
31
55
33
43
66
57
31
37
49
31
81
42
14
66
89
53
14
25
21
97
38
25
19
81
93
17
62
66
13
11
43
88
63
37
85
62
77
77
71
51
88
79
48
17
18
76
44
13
66
68
12
76
77
18
19
36
18
88
61
81
94
49
28
18
11
73
88
66
55
97
33
85
95
77
77
25
12
34
15
29
82
63
52
19
67
95
88
25
72
21
72
87
63
55
87
39
59
98
71
62
88
79
75
32
77
15
35
81
99
89
41
55
79
11
49
18
68
24
18
24
89
66
33
52
76
21
58
91
77
99
83
25
29
43
83
41
42
77
15
59
94
16
32
55
41
48
35
75
62
82
89
94
11
12
44
18
77
59
28
93
95
12
66
58
61
14
56
13
45
65
29
52
87
66
97
67
89
68
73
48
46
23
99
98
99
33
72
89
61
91
82
21
67
96
81
56
59
87
87
76
78
17
69
44
78
13
36
73
56
42
41
52
95
69
21
83
31
67
14
16
25
16
59
99
16
94
13
29
24
47
17
47
93
51
34
49
37
87
18
83
77
24
15
98
66
72
13
83
82
14
26
72
86
51
26
81
48
79
44
76
38
95
54
66
44
33
51
19
58
59
44
94
77
14
66
72
66
31
45
37
44
75
73
82
37
24
63
82
53
18
79
17
26
18
81
81
78
21
61
52
18
56
66
66
59
44
24
15
24
59
15
56
44
76
92
88
32
26
17
17
25
46
23
58
17
11
11
64
33
69
74
33
48
75
74
74
39
38
16
74
94
14
25
27
44
36
86
77
46
15
78
23
32
66
67
15
18
95
49
48
33
94
76
92
45
16
72
35
38
16
46
92
28
52
96
91
72
38
33
82
91
84
17
22
52
43
26
49
96
49
96
52
41
83
78
82
51
11
55
97
48
32
14
37
61
79
93
41
37
24
32
44
33
15
31
27
99
25
43
24
25
63
49
99
32
33
41
81
36
59
37
48
28
31
11
42
99
19
73
28
39
18
18
71
33
28
41
57
84
99
99
26
83
39
37
59
66
45
54
87
27
71
82
44
41
25
77
59
28
36
84
81
63
86
57
11
96
53
61
16
88
33
26
22
78
15
64
21
97
76
84
92
96
52155
